fvalue = 1.0366501645671202
pvalue = 0.3751048587532172
